===
====
[[  1.28617912e-03   2.34957004e-03   2.69086614e-02  -3.85853736e-03
   -8.11210104e-03  -5.76071515e-02  -1.15756121e-02  -2.22095213e-02
   -9.97618270e-01]
 [ -6.56922061e-03  -1.30225014e-02  -1.49700796e-01   1.97076618e-02
    4.55207849e-02   9.75702373e-01   5.91229855e-02   1.23655793e-01
   -6.43039162e-02]
 [ -5.37655819e-02  -5.68865122e-02  -6.28872565e-01   1.61296746e-01
    1.73780467e-01  -2.05187126e-01   4.83890237e-01   5.15099540e-01
   -2.44364191e-02]
 [  8.94660830e-02  -2.29955846e-02  -3.65413098e-01  -2.68398249e-01
    1.81448421e-01  -5.08383496e-02  -8.05194747e-01   3.19421929e-01
   -5.06503804e-03]
 [  9.87786123e-01   1.09267782e-01   1.64382104e-02   3.36241650e-02
    5.42353527e-03   1.63497688e-16   1.00486908e-01   2.84832165e-02
    1.30104261e-17]
 [ -1.13527882e-01   9.83456850e-01   3.77606699e-02  -1.06282728e-03
    7.38600064e-02  -1.37151575e-17   4.43049144e-03   1.14114486e-01
    2.17924637e-17]
 [ -1.55285350e-02  -1.06539956e-01   5.17036767e-01  -5.41000001e-01
    4.38204155e-01  -1.04083409e-17   2.18127480e-01   4.34508463e-01
   -6.93889390e-18]
 [ -1.22960014e-02  -7.43185247e-02   3.86369562e-01   7.75336034e-01
    2.44968702e-01  -6.93889390e-18  -2.35720091e-01   3.58224141e-01
   -6.93889390e-18]
 [  7.61187855e-03   7.69362162e-03  -1.71911667e-01   8.11404917e-02
    8.22934754e-01   8.67361738e-18   2.49264761e-02  -5.34698539e-01
    2.60208521e-18]]
