===
====
[[ -3.45816572e-01  -5.28877198e-01   3.04438804e-01   1.78399402e-01
    5.12405820e-01   4.53040958e-01   8.83490503e-02  -2.40642289e-02]
 [ -3.47848682e-01  -3.84337816e-01   1.36153792e-01   8.93642997e-02
   -3.70117583e-01  -5.23811922e-01   4.31580505e-01  -3.27313638e-01]
 [ -3.49880792e-01  -2.39798434e-01  -3.21312201e-02   3.29197527e-04
   -8.25309553e-02  -3.19773623e-01  -3.70379575e-01   7.56835557e-01]
 [ -3.51912902e-01  -9.52590519e-02  -2.00416232e-01  -8.87059046e-02
   -1.86134260e-01   1.10597310e-01  -7.07511777e-01  -5.21149668e-01]
 [ -3.53945012e-01   4.92803300e-02  -3.68701244e-01  -1.77741007e-01
   -4.61697384e-01   5.68169147e-01   3.58095009e-01   2.01368359e-01]
 [ -3.55977121e-01   1.93819712e-01  -5.36986257e-01  -2.66776109e-01
    5.88074361e-01  -2.88221870e-01   1.99866788e-01  -8.56763816e-02]
 [ -3.60965632e-01   4.39015859e-01   6.48999282e-01  -5.05735919e-01
    1.94289029e-16  -5.55111512e-17  -0.00000000e+00   5.55111512e-17]
 [ -3.61745718e-01   5.22748717e-01   4.56635831e-02   7.70576831e-01
   -1.11022302e-16   1.66533454e-16  -0.00000000e+00   1.11022302e-16]]

[  2.83484426e+00   6.75042580e-01   1.21928343e-01   5.70992208e-02
   1.75432227e-16   3.86458316e-17   5.17684137e-18   3.20123100e-18]

[[  1.28617912e-03   2.34957004e-03   2.69086614e-02  -3.85853736e-03
   -8.11210104e-03  -5.76071515e-02  -1.15756121e-02  -2.22095213e-02
   -9.97618270e-01]
 [ -6.56922061e-03  -1.30225014e-02  -1.49700796e-01   1.97076618e-02
    4.55207849e-02   9.75702373e-01   5.91229855e-02   1.23655793e-01
   -6.43039162e-02]
 [ -5.37655819e-02  -5.68865122e-02  -6.28872565e-01   1.61296746e-01
    1.73780467e-01  -2.05187126e-01   4.83890237e-01   5.15099540e-01
   -2.44364191e-02]
 [  8.94660830e-02  -2.29955846e-02  -3.65413098e-01  -2.68398249e-01
    1.81448421e-01  -5.08383496e-02  -8.05194747e-01   3.19421929e-01
   -5.06503804e-03]
 [  9.89955156e-01   8.75875045e-02   1.69760949e-02   2.82618411e-02
    7.55365577e-03   2.86229374e-16   1.02428422e-01   2.61086020e-02
    1.38777878e-17]
 [ -9.29844445e-02   9.79954756e-01   6.26903815e-02  -3.09219211e-02
    6.35197404e-02  -2.89481980e-17   1.64918572e-02   1.47816037e-01
    9.64939934e-17]
 [ -1.98270673e-02  -1.62962392e-01   6.25217616e-01  -2.00628991e-01
    4.90745827e-01  -6.24500451e-17   1.09472743e-01   5.37666569e-01
   -3.12250226e-17]
 [ -2.92375001e-03  -1.80094311e-02   2.05949283e-01   8.40432680e-01
   -2.29086600e-01  -6.93889390e-18  -2.91364982e-01   3.36972837e-01
   -6.93889390e-18]
 [  1.13765112e-03   3.45838929e-02  -1.01625366e-01   3.91418550e-01
    7.98332587e-01   1.21430643e-17  -7.89983478e-02  -4.37825085e-01
    1.04083409e-17]]
